$ 1 0.000005 5.934295036739208 61 5 50
g 400 32 400 48 0
212 208 -32 240 -32 0 1 a*a*a
w 304 0 304 32 0
w 400 32 304 32 0
212 304 -32 416 -32 0 2 5*(a-b)
p 432 -32 432 32 1 0
w 400 -32 432 -32 0
w 400 0 400 32 0
w 400 32 432 32 0
R 208 -32 176 -32 0 1 100 1 0 0 0.5
R 240 80 208 80 0 1 100 4 0 -1.5707963267948966 0.5
w 240 176 240 128 0
w 144 176 240 176 0
w 144 144 144 176 0
a 144 128 240 128 1 15 -15 1000000 -1.317827193255977 -1.3178403715279094
r -48 160 16 160 0 1000
r -48 96 16 96 0 1000
r 16 32 -48 32 0 1000
w 16 96 16 160 0
w 16 96 16 32 0
w 48 96 16 96 0
g 48 128 48 176 0
r 48 64 144 64 0 1000
w 144 112 144 64 0
w 48 64 48 96 0
a 48 112 144 112 0 15 -15 1000000 0.000013178403715279096 0
r 240 128 304 128 0 1000
r 240 80 304 80 0 1000
w 304 80 304 128 0
a 304 144 400 144 0 15 -15 1000000 -0.000018564834567371788 0
w 400 144 400 80 0
r 304 80 400 80 0 1000
g 304 160 304 176 0
R -48 32 -80 32 0 1 200 1.3 0 -1.5707963267948966 0.5
R -48 96 -80 96 0 1 300 0.6 0 -1.5707963267948966 0.5
R -48 160 -80 160 0 1 400 0.2 0 -1.5707963267948966 0.5
p 432 80 432 160 1 0
w 400 80 432 80 0
g 432 160 432 176 0
o 5 64 0 4290 5 0.1 0 2 36 0
